#structure   i-RMSD   l-RMSD   fnc   Score
swarm_83_154.pdb	2.091	2.012	0.603448	56.869
swarm_50_151.pdb	3.082	4.001	0.327586	50.536
swarm_7_192.pdb	1.553	1.461	0.586207	48.936
swarm_36_168.pdb	1.132	1.385	0.827586	48.870
swarm_48_19.pdb	3.687	4.205	0.258621	48.739
swarm_11_136.pdb	2.231	2.390	0.448276	48.662
swarm_52_171.pdb	3.933	4.052	0.155172	47.808
swarm_49_183.pdb	3.589	3.775	0.258621	47.659
swarm_48_49.pdb	1.562	2.100	0.793103	47.234
swarm_65_93.pdb	1.282	1.130	0.844828	45.372
swarm_47_91.pdb	4.371	5.203	0.0689655	44.695
swarm_17_171.pdb	1.266	1.952	0.827586	44.091
swarm_9_150.pdb	3.170	3.854	0.275862	43.896
swarm_44_5.pdb	2.321	3.063	0.448276	43.507
swarm_51_103.pdb	4.642	3.988	0.0862069	43.240
swarm_6_178.pdb	1.748	2.438	0.724138	42.872
swarm_25_187.pdb	2.478	3.300	0.448276	42.545
swarm_27_172.pdb	1.435	1.932	0.793103	41.105
swarm_10_47.pdb	3.413	4.776	0.37931	39.822
swarm_13_34.pdb	4.689	4.267	0.0689655	38.165
swarm_55_188.pdb	3.601	4.831	0.310345	37.501
swarm_32_164.pdb	2.119	1.621	0.517241	37.391
swarm_1_38.pdb	2.945	4.108	0.396552	36.854
swarm_29_176.pdb	2.492	2.525	0.465517	36.545
swarm_10_112.pdb	4.108	4.633	0.224138	36.343
swarm_76_132.pdb	5.015	4.113	0.0517241	36.335
swarm_12_169.pdb	4.631	5.805	0.189655	36.255
swarm_6_184.pdb	5.599	6.947	0.0172414	36.217
swarm_3_136.pdb	5.779	8.350	0.172414	36.020
swarm_82_169.pdb	2.566	3.557	0.465517	36.018
swarm_27_0.pdb	4.680	5.850	0.172414	35.859
swarm_77_63.pdb	4.980	4.164	0.0517241	35.374
swarm_63_142.pdb	5.748	7.555	0.155172	35.197
swarm_81_94.pdb	2.051	2.646	0.706897	35.057
swarm_38_89.pdb	6.132	4.487	0.0172414	33.436
swarm_15_182.pdb	4.863	4.205	0.0344828	33.202
swarm_20_75.pdb	9.244	7.813	0	33.193
swarm_5_47.pdb	6.819	9.162	0.0862069	33.177
swarm_10_152.pdb	6.447	8.782	0.0689655	32.318
swarm_25_185.pdb	6.037	8.033	0.155172	31.924
swarm_44_1.pdb	3.551	4.903	0.5	31.692
swarm_28_25.pdb	4.166	4.912	0.206897	31.649
swarm_56_179.pdb	5.453	7.701	0.206897	31.613
swarm_49_132.pdb	8.296	10.576	0	31.532
swarm_33_126.pdb	4.377	5.184	0.224138	30.971
swarm_82_100.pdb	3.298	4.615	0.431034	30.970
swarm_1_11.pdb	5.151	7.588	0.206897	30.313
swarm_78_58.pdb	5.510	6.312	0.0172414	29.888
swarm_42_62.pdb	7.832	7.068	0	29.736
swarm_21_55.pdb	9.694	7.391	0	29.552
swarm_83_147.pdb	4.258	4.414	0.155172	29.493
swarm_4_44.pdb	7.273	9.777	0.0517241	29.249
swarm_1_55.pdb	4.121	5.658	0.396552	29.157
swarm_7_44.pdb	8.062	12.073	0	29.133
swarm_58_33.pdb	6.958	6.510	0.0344828	29.114
swarm_71_165.pdb	6.769	7.476	0	29.032
swarm_68_125.pdb	9.510	7.106	0	29.010
swarm_46_27.pdb	7.168	5.032	0	28.957
swarm_63_60.pdb	9.238	9.395	0	28.939
swarm_60_127.pdb	5.298	5.653	0.0517241	28.848
swarm_56_35.pdb	4.084	4.832	0.258621	28.759
swarm_30_105.pdb	3.655	4.334	0.258621	28.720
swarm_32_162.pdb	5.584	4.976	0.0344828	28.671
swarm_8_176.pdb	8.420	8.723	0.0172414	28.099
swarm_69_82.pdb	8.426	8.781	0.0172414	28.059
swarm_67_131.pdb	8.668	6.585	0	27.695
swarm_41_194.pdb	6.052	6.729	0.0689655	27.654
swarm_72_114.pdb	2.665	2.563	0.241379	27.633
swarm_42_45.pdb	7.112	9.374	0.0517241	27.538
swarm_75_19.pdb	7.323	6.926	0.0172414	27.348
swarm_81_69.pdb	5.192	4.964	0.189655	27.222
swarm_53_184.pdb	6.601	5.479	0	27.161
swarm_24_196.pdb	6.898	9.391	0.0689655	27.141
swarm_57_141.pdb	7.123	5.066	0	26.965
swarm_5_184.pdb	8.051	6.713	0	26.934
swarm_57_57.pdb	9.586	7.792	0	26.921
swarm_30_163.pdb	8.428	7.462	0	26.750
swarm_48_181.pdb	9.000	11.855	0	26.732
swarm_32_20.pdb	6.388	8.352	0.137931	26.614
swarm_73_195.pdb	9.505	9.251	0	26.486
swarm_54_162.pdb	10.790	8.293	0	26.298
swarm_74_124.pdb	3.392	4.349	0.413793	26.276
swarm_36_184.pdb	4.731	4.449	0.189655	26.174
swarm_62_20.pdb	9.942	7.138	0	25.989
swarm_3_63.pdb	8.285	8.228	0	25.601
swarm_72_15.pdb	9.699	7.395	0	25.401
swarm_24_178.pdb	7.338	6.679	0.0344828	25.352
swarm_29_179.pdb	7.207	6.185	0	25.310
swarm_52_69.pdb	9.049	12.271	0	25.293
swarm_27_14.pdb	8.834	12.828	0	25.128
swarm_57_61.pdb	12.102	9.138	0	25.102
swarm_26_43.pdb	8.550	7.740	0	24.979
swarm_4_176.pdb	9.024	9.433	0.0517241	24.857
swarm_76_159.pdb	10.121	11.196	0	24.825
swarm_2_94.pdb	3.744	3.720	0.172414	24.792
swarm_40_114.pdb	9.484	7.204	0	24.750
swarm_41_160.pdb	9.137	8.092	0	24.709
swarm_26_86.pdb	8.420	10.374	0.0344828	24.253
swarm_0_188.pdb	7.183	8.049	0.155172	24.214
swarm_51_140.pdb	7.315	5.961	0.0172414	24.180
swarm_73_109.pdb	11.686	8.943	0	24.165
swarm_20_109.pdb	8.981	7.512	0	23.786
swarm_30_150.pdb	7.590	7.013	0.0172414	23.711
swarm_8_99.pdb	9.929	9.984	0	23.666
swarm_19_132.pdb	5.802	5.019	0.0344828	23.593
swarm_66_74.pdb	9.039	6.591	0	23.384
swarm_69_12.pdb	11.467	8.813	0	23.374
swarm_46_114.pdb	9.672	8.242	0	23.337
swarm_61_123.pdb	9.653	6.815	0	23.234
swarm_37_52.pdb	6.265	6.734	0.241379	23.162
swarm_59_95.pdb	9.761	6.737	0	23.027
swarm_2_139.pdb	7.357	8.684	0	22.843
swarm_74_44.pdb	7.657	9.780	0.0689655	22.751
swarm_42_48.pdb	9.344	8.654	0	22.716
swarm_32_124.pdb	6.587	8.704	0.0172414	22.341
swarm_28_3.pdb	8.838	10.960	0	22.256
swarm_79_92.pdb	7.358	6.472	0	22.152
swarm_65_62.pdb	4.266	4.993	0.275862	21.976
swarm_67_34.pdb	9.933	8.047	0	21.944
swarm_65_60.pdb	6.042	7.567	0.0689655	21.672
swarm_33_112.pdb	7.227	9.241	0.206897	21.505
swarm_67_106.pdb	9.833	10.618	0.0172414	21.401
swarm_81_51.pdb	6.987	7.081	0.137931	21.185
swarm_29_3.pdb	6.134	5.197	0.0344828	21.170
swarm_34_143.pdb	8.698	6.496	0	21.160
swarm_2_149.pdb	9.729	9.794	0	21.000
swarm_35_44.pdb	6.150	5.088	0.0689655	20.965
swarm_82_19.pdb	9.168	12.343	0	20.941
swarm_24_39.pdb	5.570	6.804	0.241379	20.855
swarm_14_149.pdb	6.517	5.901	0.103448	20.855
swarm_56_22.pdb	5.989	5.329	0.0344828	20.845
swarm_41_156.pdb	7.798	7.817	0	20.841
swarm_54_139.pdb	10.306	8.210	0	20.786
swarm_28_72.pdb	10.009	14.415	0	20.712
swarm_70_96.pdb	4.613	4.093	0.155172	20.610
swarm_63_30.pdb	7.100	7.622	0	20.605
swarm_80_16.pdb	8.324	6.821	0	20.112
swarm_72_103.pdb	6.792	6.657	0	19.995
swarm_64_78.pdb	7.386	5.927	0	19.979
swarm_41_126.pdb	7.990	7.168	0.0172414	19.968
swarm_14_157.pdb	8.741	6.678	0	19.739
swarm_3_170.pdb	9.727	8.522	0	19.675
swarm_21_156.pdb	10.316	7.142	0	19.570
swarm_71_12.pdb	5.544	4.511	0.0862069	19.496
swarm_70_58.pdb	9.734	7.542	0	19.493
swarm_39_28.pdb	7.545	7.242	0.0172414	19.446
swarm_47_84.pdb	9.297	9.820	0	19.430
swarm_18_32.pdb	8.119	8.168	0	19.402
swarm_38_6.pdb	7.475	6.092	0	19.310
swarm_78_15.pdb	6.020	5.512	0.0689655	19.221
swarm_62_29.pdb	6.516	5.768	0.0862069	18.843
swarm_12_69.pdb	5.460	4.625	0.12069	18.636
swarm_19_96.pdb	6.390	6.542	0.12069	18.557
swarm_45_24.pdb	7.676	7.889	0.0862069	18.310
swarm_40_16.pdb	9.075	7.356	0.0172414	18.162
swarm_60_14.pdb	9.500	9.548	0	18.129
swarm_55_76.pdb	6.320	5.681	0.0344828	18.033
swarm_27_79.pdb	6.961	10.304	0.0172414	17.470
swarm_13_162.pdb	9.116	9.062	0	17.238
swarm_70_121.pdb	8.093	8.146	0.0689655	17.224
swarm_79_186.pdb	6.669	5.133	0.0517241	16.835
swarm_0_62.pdb	9.668	7.076	0	16.624
swarm_39_83.pdb	9.480	9.614	0	16.522
swarm_47_29.pdb	8.136	7.118	0	16.304
swarm_31_99.pdb	7.406	7.084	0.0344828	16.102
swarm_6_10.pdb	6.491	10.097	0.103448	13.963
swarm_68_145.pdb	9.976	9.092	0	12.604
swarm_68_99.pdb	10.795	8.907	0	11.538
swarm_9_183.pdb	5.713	9.665	0.172414	8.350
swarm_53_143.pdb	7.662	9.048	0	8.117
swarm_60_140.pdb	8.234	7.458	0	7.747
swarm_4_63.pdb	8.981	11.871	0	7.395
swarm_44_84.pdb	6.439	9.133	0.0172414	5.357
swarm_37_16.pdb	10.321	12.766	0	3.819
swarm_17_161.pdb	7.333	7.993	0.12069	1.126
swarm_75_155.pdb	10.000	9.934	0	-1.796
swarm_22_148.pdb	6.846	8.791	0.0344828	-2.235
swarm_24_93.pdb	7.539	5.997	0.0344828	-6.681
swarm_75_8.pdb	7.298	9.265	0.12069	-12.970
swarm_58_193.pdb	11.047	9.370	0	-17.979
swarm_59_99.pdb	6.198	6.766	0.12069	-18.865
swarm_2_176.pdb	7.154	9.400	0.241379	-32.803
swarm_21_84.pdb	14.177	11.733	0	-35.763
swarm_14_32.pdb	8.260	5.694	0	-46.109
swarm_15_184.pdb	7.554	13.722	0.155172	-49.760
swarm_41_52.pdb	8.578	9.165	0	-54.626
swarm_41_166.pdb	11.243	12.727	0	-55.153
swarm_43_95.pdb	10.118	8.736	0	-56.808
swarm_7_108.pdb	7.450	13.641	0.0862069	-65.155
swarm_43_12.pdb	10.541	7.601	0	-66.548
swarm_39_70.pdb	8.718	6.243	0	-67.985
swarm_54_156.pdb	12.568	9.784	0	-73.408
swarm_31_176.pdb	9.108	6.409	0	-86.017
swarm_61_42.pdb	10.710	10.559	0	-86.724
swarm_72_140.pdb	11.839	16.806	0	-114.561
swarm_8_148.pdb	6.653	11.276	0.396552	-118.154
swarm_64_94.pdb	8.000	12.560	0.0344828	-121.168
swarm_21_137.pdb	9.594	8.902	0	-123.941
swarm_50_179.pdb	6.833	11.993	0.206897	-158.071
swarm_46_9.pdb	8.799	12.810	0.0517241	-163.867
swarm_48_168.pdb	4.742	7.119	0.603448	-169.613
swarm_25_108.pdb	7.494	9.193	0.0344828	-182.953
swarm_65_31.pdb	5.570	9.048	0.517241	-196.378
swarm_38_194.pdb	7.221	11.118	0.275862	-207.515
swarm_83_110.pdb	5.491	8.748	0.206897	-215.116
swarm_59_191.pdb	11.110	10.453	0	-255.436
swarm_21_180.pdb	8.271	10.358	0.0344828	-264.755
swarm_47_143.pdb	10.812	12.348	0	-289.317
swarm_33_191.pdb	5.348	5.754	0.448276	-302.702
swarm_15_135.pdb	5.873	8.329	0.5	-307.995
swarm_29_26.pdb	6.455	9.018	0.224138	-339.432
swarm_36_112.pdb	8.017	12.566	0.0689655	-340.937
swarm_54_130.pdb	9.871	10.543	0	-386.616
swarm_26_193.pdb	12.288	13.125	0	-436.035
swarm_20_79.pdb	8.595	9.328	0	-450.670
swarm_44_53.pdb	7.484	9.301	0.12069	-524.308
